 20121004419 郭靖 数理学院 13401970318 5919 3989 990 1486 7432
 20121004415 孙一卓 物理学院 13348435614 5411 3957 936 1405 7027
 20121002775 马晴 工学院 13744090339 5178 3390 856 1285 6427
 20121001695 王洪 物理学院 17319442109 4580 3979 855 1283 6421
 20121003398 刘剑峰 数学院 17271683357 5834 2470 830 1245 6229
 20121000553 高佳维 工学院 13951808585 4361 3877 823 1235 6180
 20121001248 王如男 工学院 17649608894 5020 3076 809 1214 6073
 20121004418 陆承达 物理学院 13228116865 5231 2801 803 1204 6025
 20121004233 贾国栋 数学院 17030971880 4906 3080 798 1197 5991
 20121002162 孙史磊 工学院 17754006983 4430 3500 793 1189 5948
 20121000424 王晨 数学院 13404791597 5327 2536 786 1179 5898
 20121001375 周晨曦 工学院 17227660192 5082 2747 782 1174 5873
 20121002321 于文涛 物理学院 17342423711 4549 3165 771 1157 5786
 20121004417 黄大鹏 化学院 13349397265 4858 2809 766 1150 5751
 20121002439 景揭俊 化学院 17602197617 4607 2982 758 1138 5693
 20121002269 陈云锅 物理学院 13233972627 4078 3469 754 1132 5661
 20121001842 尹笛露 自动化院 13385263004 5417 2099 751 1127 5638
 20121000818 孟珂 物理学院 13806468384 4054 3441 749 1124 5622
 20121000290 边达宇 数学院 13297062669 4925 2459 738 1107 5539
 20121002152 尹然宇 工学院 13247259121 4258 3083 734 1101 5506
 20121003127 冯泽宇 数学院 17602912880 3929 3391 732 1098 5490
 20121000584 利振彬 数学院 13299815013 3143 3805 694 1042 5212
 20121000570 初国利 数学院 13852199199 4327 2524 685 1027 5139
 20121003358 肖寒 物理学院 13566065714 4305 2516 682 1023 5116
 20121001316 邵叶飞 化学院 13501155120 3921 2854 677 1016 5082
 20121003359 张赓 物理学院 13824376116 3276 3413 668 1003 5018
 20121001121 田甜 物理学院 13353706789 4114 2549 666 999 4998
 20121000921 罗云迪 化学院 17757488893 4132 2524 665 998 4993
 20121002585 戴贤铎 数学院 13844203863 4303 2276 657 986 4936
 20121003399 龚方怡 工学院 13407375098 3568 2777 634 951 4760
 20121002685 曹厚臻 工学院 13986026364 3568 2072 564 846 4230
 20121002002 刘宇坤 化学院 17636510171 3225 2321 554 831 4161
